Timestep ; SegregationEntropy
0 ; 0.2654504818106098
1 ; 0.3543061146833596
2 ; 0.41697822469476953
3 ; 0.4665208842192583
4 ; 0.49622460450038264
5 ; 0.5238896884459132
6 ; 0.539867481349215
7 ; 0.5580235625391012
8 ; 0.5697161972151028
9 ; 0.5833571410151733
10 ; 0.5922169612246011
11 ; 0.5997325075466318
12 ; 0.6062619713048392
13 ; 0.6117049377722255
14 ; 0.6212772738175598
15 ; 0.6261041777072318
16 ; 0.630899293531717
17 ; 0.6348812106546393
18 ; 0.6382881793007019
19 ; 0.6384797263052853
20 ; 0.6407344461694532
21 ; 0.6434461975403374
22 ; 0.6458363108833504
23 ; 0.6488518358349459
24 ; 0.6487548085453805
25 ; 0.6523671790084022
26 ; 0.6532259799354965
27 ; 0.6566665405092369
28 ; 0.658026801104749
29 ; 0.6556313171277599
30 ; 0.655696120147029
31 ; 0.655587916152901
32 ; 0.6561242990915757
33 ; 0.6623135633002002
34 ; 0.666659288155935
35 ; 0.668491888742458
36 ; 0.6732131996441371
37 ; 0.6742576141243595
38 ; 0.6756203834456748
39 ; 0.6754076783093403
40 ; 0.6767730905732682
41 ; 0.6795905205509617
42 ; 0.680779277899195
43 ; 0.6838962348097399
44 ; 0.6826168354945281
45 ; 0.6848339166122626
46 ; 0.6859881764685807
47 ; 0.6870556303573168
48 ; 0.68849000739013
49 ; 0.687167833725473
50 ; 0.6855865860131056
51 ; 0.6870887801725694
52 ; 0.687145673733989
53 ; 0.6865166895656866
54 ; 0.6885048577812929
55 ; 0.6877276853755061
56 ; 0.6865631081308261
57 ; 0.6874118991236038
58 ; 0.6901807074282855
59 ; 0.6889539574749091
60 ; 0.68614102227077
61 ; 0.68756684262199
62 ; 0.6903864296720195
63 ; 0.6917891568019876
64 ; 0.6907015404214467
65 ; 0.6932254303861778
66 ; 0.6923984458915613
67 ; 0.6950680166870372
68 ; 0.6940156423129614
69 ; 0.698128989989265
70 ; 0.6971553405993713
71 ; 0.6979366148970099
72 ; 0.7002960801076797
73 ; 0.7000871116270153
74 ; 0.7013872384589707
75 ; 0.7017392914799204
76 ; 0.7025126415387559
77 ; 0.7022280227391511
78 ; 0.7029330742263018
79 ; 0.7035265411631368
80 ; 0.7057340986141782
81 ; 0.7081700596793774
82 ; 0.7066634306850648
83 ; 0.706301267801035
84 ; 0.7046420004716794
85 ; 0.7058867863710931
86 ; 0.7070862660909205
87 ; 0.7081350204572373
88 ; 0.7105849348663699
89 ; 0.7115050620881824
90 ; 0.710739684238461
91 ; 0.710846920709924
92 ; 0.7105898142996774
93 ; 0.7130473386337648
94 ; 0.7155254523808137
95 ; 0.7172641559692792
96 ; 0.7179397716150213
97 ; 0.7175971944214384
98 ; 0.7190103533589349
99 ; 0.7193369038893114
100 ; 0.7197666741280766
101 ; 0.7211209921475618
102 ; 0.7217549126222137
103 ; 0.7205150106917524
104 ; 0.7238251057887184
105 ; 0.7244679887350212
106 ; 0.7276458632312829
107 ; 0.7266960991992533
108 ; 0.7272981490553474
109 ; 0.7290873055323306
110 ; 0.7314596470334126
111 ; 0.7316162332532764
112 ; 0.7323169443593793
113 ; 0.7318931691806125
114 ; 0.7332171708713242
115 ; 0.733924725758117
116 ; 0.7339475962654152
117 ; 0.734403604715506
118 ; 0.7359812370776049
119 ; 0.7364730967272574
120 ; 0.7345317306700543
121 ; 0.7373296557024145
122 ; 0.7369397592730825
123 ; 0.7355684647363332
124 ; 0.7346426682037022
125 ; 0.7339384514083549
126 ; 0.7353522277240859
127 ; 0.7344169037214672
128 ; 0.7352468824796394
129 ; 0.7342966291447013
130 ; 0.7348718886867548
131 ; 0.7367022978081985
132 ; 0.7362972088733599
133 ; 0.7372333097970215
134 ; 0.7378761141637072
135 ; 0.7374468044024385
136 ; 0.7410681526107108
137 ; 0.7428693670746271
138 ; 0.7424523849613657
139 ; 0.7408713642913283
140 ; 0.7404884203657143
141 ; 0.7409092695529782
142 ; 0.7412804416583713
143 ; 0.7438095321498972
144 ; 0.7460503529681913
145 ; 0.7470682930289136
146 ; 0.748402108018044
147 ; 0.7479840829746932
148 ; 0.7495734962980949
149 ; 0.7496798501593893
150 ; 0.7516013819778166
151 ; 0.7514606741295582
152 ; 0.7493668605763742
153 ; 0.7500047494390765
154 ; 0.7507013465010062
155 ; 0.7489059518828007
156 ; 0.7477774904624317
157 ; 0.7474266129165494
158 ; 0.7498451052599165
159 ; 0.7507604361535446
160 ; 0.7515206009412627
161 ; 0.7518294046708809
162 ; 0.7509278171480128
163 ; 0.753384028447642
164 ; 0.752738025402152
165 ; 0.7519983082104753
166 ; 0.7503148550239194
167 ; 0.7487209300800617
168 ; 0.748392969266962
169 ; 0.748414039671649
170 ; 0.7482633303178556
171 ; 0.7463189858882076
172 ; 0.746776179225017
173 ; 0.7479183676351131
174 ; 0.7490642077755557
175 ; 0.7496051674775337
176 ; 0.7494370203753007
177 ; 0.7525012885415312
178 ; 0.7540618762600239
179 ; 0.754442225475241
180 ; 0.7515224651674245
181 ; 0.7509687203337025
182 ; 0.750902831564175
183 ; 0.753715948153741
184 ; 0.7529027606063289
185 ; 0.7496458351405769
186 ; 0.7492013718115114
187 ; 0.7507235077284665
188 ; 0.7534358579650493
189 ; 0.7555289635332526
190 ; 0.7545043594733193
191 ; 0.7555760502929629
192 ; 0.756913155561351
193 ; 0.7602372212579454
194 ; 0.7577767635639172
195 ; 0.7579442657536242
196 ; 0.7574001357309359
197 ; 0.7592286655539474
198 ; 0.7591281355753484
199 ; 0.7609974926885603
200 ; 0.7628501169231198
201 ; 0.7661706539115377
202 ; 0.7666266156433417
203 ; 0.7653000618659692
204 ; 0.7649366217795277
205 ; 0.7645958316195774
206 ; 0.7634144274167347
207 ; 0.7648289766432138
208 ; 0.7646993031499661
209 ; 0.7661224994013888
210 ; 0.7671522206071645
211 ; 0.7647145003108684
212 ; 0.7648053276279374
213 ; 0.7660179844486033
214 ; 0.7649224855372779
215 ; 0.7660435161946538
216 ; 0.7688426436467078
217 ; 0.7729236780021523
218 ; 0.7733419474460314
219 ; 0.7724335836293277
220 ; 0.773128664641395
221 ; 0.7747164753229034
222 ; 0.7722337077182062
223 ; 0.7732886501538812
224 ; 0.7743772889649388
225 ; 0.7742526922343456
226 ; 0.7748439729977953
227 ; 0.7760971933128071
228 ; 0.7774788272860206
229 ; 0.7782959849686285
230 ; 0.7776910590269452
231 ; 0.7805240406188
232 ; 0.7811629305536674
233 ; 0.7828524424758974
234 ; 0.783106792047708
235 ; 0.7843528391358758
236 ; 0.7866926936982267
237 ; 0.7891734876307682
238 ; 0.78971576159613
239 ; 0.7931216630271651
240 ; 0.7946543583842364
241 ; 0.7959877868938788
242 ; 0.7941668404560451
243 ; 0.7948454882396341
244 ; 0.7959669406519789
245 ; 0.793859670008972
246 ; 0.7939360731340127
247 ; 0.7956649732371438
248 ; 0.7956205191699766
249 ; 0.7969427713108403
250 ; 0.7972788385754451
251 ; 0.7970346181047931
252 ; 0.7955696282413701
253 ; 0.7938203812584719
254 ; 0.7940265525638034
255 ; 0.7944451383130443
256 ; 0.795363810362114
257 ; 0.7963127050081782
258 ; 0.7962875974624927
259 ; 0.7940034182025695
260 ; 0.7939887568211146
261 ; 0.7940790517650028
262 ; 0.7944588071950369
263 ; 0.7956315180220688
264 ; 0.7975710126832938
265 ; 0.7981482891083072
266 ; 0.7982222988754504
267 ; 0.7998334441195918
268 ; 0.7987700724235118
269 ; 0.7995179313485024
270 ; 0.7993379992907774
271 ; 0.7992804517569323
272 ; 0.7986347139370721
273 ; 0.8026975485044038
274 ; 0.8039751743459969
275 ; 0.8036178066446276
276 ; 0.8039036932694321
277 ; 0.8024611399090883
278 ; 0.8045297613095537
279 ; 0.8054772216259003
280 ; 0.8053285706677712
281 ; 0.8069828215528114
282 ; 0.8062753334674903
283 ; 0.8057228184563507
284 ; 0.8072097206398804
285 ; 0.8063176062694786
286 ; 0.8061404285551075
287 ; 0.8053996704368017
288 ; 0.8055449814165196
289 ; 0.8072022021444544
290 ; 0.8074408606825445
291 ; 0.8066695995287214
292 ; 0.8064963026145123
293 ; 0.8062756568011986
294 ; 0.8070509601858222
295 ; 0.8072035248763182
296 ; 0.8081973321474268
297 ; 0.8087136725693022
298 ; 0.8106696659932725
299 ; 0.8115585602810746
300 ; 0.8134034439003754
301 ; 0.8121358548675324
302 ; 0.8130587513095471
303 ; 0.8129895826871402
304 ; 0.8120276207869201
305 ; 0.8129460798580529
306 ; 0.8134895123121729
307 ; 0.8144805519696137
308 ; 0.8147108138791557
309 ; 0.8111666773060484
310 ; 0.8112794258919823
311 ; 0.810807675633846
312 ; 0.8096356779576944
313 ; 0.8093130165036659
314 ; 0.8103597042577428
315 ; 0.8136452543892193
316 ; 0.8134557976770369
317 ; 0.8149552172387602
318 ; 0.8152085856795499
319 ; 0.8148355237014021
320 ; 0.816536789027123
321 ; 0.8172076322781358
322 ; 0.8178805969920507
323 ; 0.8173521630021698
324 ; 0.8161968805278803
325 ; 0.8160269988966838
326 ; 0.8146574162590192
327 ; 0.815756944817644
328 ; 0.815295356961803
329 ; 0.8150521374931583
330 ; 0.8171000607071177
331 ; 0.8170372671474484
332 ; 0.817110617139883
333 ; 0.8153922201097172
334 ; 0.8177875400074622
335 ; 0.819535492327313
336 ; 0.8174436181780568
337 ; 0.817003247656007
338 ; 0.8179650838702878
339 ; 0.8182665920924177
340 ; 0.8179439471679716
341 ; 0.8185077001194967
342 ; 0.8194125564545911
343 ; 0.820856726909747
344 ; 0.8217077705061637
345 ; 0.8207197144669569
346 ; 0.8212079805409538
347 ; 0.820352596129477
348 ; 0.8196666734010917
349 ; 0.8203019247723162
350 ; 0.8216752100486249
351 ; 0.8230648134665177
352 ; 0.8230224578712109
353 ; 0.8223796618327939
354 ; 0.8229991761776521
355 ; 0.8244487911982553
356 ; 0.8243025920378125
357 ; 0.8244203867834171
358 ; 0.8237141609325014
359 ; 0.8236165125323386
360 ; 0.8233369824741898
361 ; 0.823952224870703
362 ; 0.8223211394202508
363 ; 0.8207104436147854
364 ; 0.8211912319415434
365 ; 0.8194941572756829
366 ; 0.8180495394323363
367 ; 0.8183970819449325
368 ; 0.8164661840002125
369 ; 0.8195363717482239
370 ; 0.8203828719875021
371 ; 0.8210107235175563
372 ; 0.8203867519337987
373 ; 0.8213376950268159
374 ; 0.8197845063970725
375 ; 0.8206818675914423
376 ; 0.8212699856954977
377 ; 0.8210825622995134
378 ; 0.8194917759124428
379 ; 0.8185555814862504
380 ; 0.8169684463673936
381 ; 0.8156447874766573
382 ; 0.8178646148702621
383 ; 0.8173922613104384
384 ; 0.8186292563327452
385 ; 0.8177040243169953
386 ; 0.818096194841992
387 ; 0.8179879907137808
388 ; 0.8192729141691778
389 ; 0.8216280977072826
390 ; 0.8207550449293658
391 ; 0.8208899401726497
392 ; 0.8207787437085596
393 ; 0.8200693764884951
394 ; 0.819658952360924
395 ; 0.8186521792165768
396 ; 0.8175742466547968
397 ; 0.8214985421309495
398 ; 0.8213232452257089
399 ; 0.8233090727648968
400 ; 0.8237983478599116
401 ; 0.8218058088533535
402 ; 0.8207033473321153
403 ; 0.8196293686239828
404 ; 0.8194841730602574
405 ; 0.8178629174812833
406 ; 0.819391189367936
407 ; 0.820275239912092
408 ; 0.8205332989624381
409 ; 0.8217525851677097
410 ; 0.8216083068063874
411 ; 0.8220923833320621
412 ; 0.82174035591029
413 ; 0.8228960335992512
414 ; 0.8228949307131992
415 ; 0.8205037036879803
416 ; 0.8212112941044809
417 ; 0.8213299416305683
418 ; 0.8210541095470253
419 ; 0.8208227302505902
420 ; 0.821368135682297
421 ; 0.8206342507713261
422 ; 0.8210070507139601
423 ; 0.8223598431282251
424 ; 0.8212664768677336
425 ; 0.8238209737597877
426 ; 0.8238289498541806
427 ; 0.823009970316062
428 ; 0.8232011610290757
429 ; 0.822786877240671
430 ; 0.8236521508703156
431 ; 0.8241996630802091
432 ; 0.8249774394363101
433 ; 0.8261805890244274
434 ; 0.8269953051361013
435 ; 0.8259073328096914
436 ; 0.8244617547642671
437 ; 0.8249483161714961
438 ; 0.8234626269265704
439 ; 0.8233026224708806
440 ; 0.8227672661294233
441 ; 0.8238702202340721
442 ; 0.8221902950884532
443 ; 0.8250522102580575
444 ; 0.8266913263859659
445 ; 0.8271524588030525
446 ; 0.8267051716115956
447 ; 0.8278003010978474
448 ; 0.8285444552985888
449 ; 0.8283930897282233
450 ; 0.8293026303066856
451 ; 0.8297945247005499
452 ; 0.8291879748398102
453 ; 0.8294286523742743
454 ; 0.8315181292191507
455 ; 0.8325245813786596
456 ; 0.8318193603151081
457 ; 0.8303801182503839
458 ; 0.8298185924600656
459 ; 0.8300568847078081
460 ; 0.8308991136904564
461 ; 0.8308733512807192
462 ; 0.8305637908770638
463 ; 0.830604998375218
464 ; 0.8308027593932998
465 ; 0.8322732980812052
466 ; 0.8319627901035037
467 ; 0.833481547162155
468 ; 0.833145301049613
469 ; 0.8341490203827784
470 ; 0.8342648691997859
471 ; 0.8354590344397326
472 ; 0.8366066980111582
473 ; 0.8359067958839761
474 ; 0.8371413023342859
475 ; 0.8358885730728693
476 ; 0.836199938811198
477 ; 0.8367695398583768
478 ; 0.8372219582268114
479 ; 0.8356264984763555
480 ; 0.8362942103172502
481 ; 0.8366518781009413
482 ; 0.8375659433212971
483 ; 0.8378882614322333
484 ; 0.840914878150476
485 ; 0.839636641670237
486 ; 0.8403249395556464
487 ; 0.8410446787863106
488 ; 0.8398186746687735
489 ; 0.8397691380809779
490 ; 0.8412924719604302
491 ; 0.8397834288370161
492 ; 0.8395606006402414
493 ; 0.8403486841545852
494 ; 0.8410375132897694
495 ; 0.8418512880448639
496 ; 0.8409707958828776
497 ; 0.8396802490069339
498 ; 0.8402895458582167
499 ; 0.8363507926937815

Initial Segregation Entropy: 0.2654504818106098
Final Segregation Entropy: 0.8363507926937815

Maximum Segregation Entropy: 0.8418512880448639
Minimum Segregation Entropy: 0.2654504818106098
